0 1
0 2
0 4
0 5
0 7
0 8
0 22
0 23
1 2
1 3
1 4
1 5
1 6
1 8
1 9
1 10
1 7
1 11
1 22
1 23
1 25
2 3
2 4
2 5
2 7
2 8
2 9
2 11
2 20
2 23
2 24
2 25
2 22
4 3
4 5
4 8
4 9
4 10
4 11
4 24
4 26
4 22
5 3
5 6
5 7
5 8
5 11
5 12
5 13
5 14
5 15
5 17
5 20
5 21
5 23
5 24
5 26
5 29
5 31
7 8
7 9
7 11
7 10
7 39
8 3
8 9
8 10
8 11
8 22
8 23
8 24
8 25
8 28
8 29
22 9
22 10
22 3
22 23
22 24
22 25
22 26
22 27
22 28
22 54
23 3
23 26
23 27
3 6
3 9
3 20
3 24
3 11
3 25
6 12
6 13
9 11
9 18
9 20
9 24
9 25
9 26
9 27
9 28
9 12
9 13
10 11
10 18
10 24
10 25
10 26
10 28
11 18
11 20
11 24
11 25
11 26
11 28
11 12
11 13
11 27
20 13
20 15
20 16
20 17
20 18
20 19
20 24
20 27
20 29
20 30
20 31
20 36
20 39
20 47
20 48
20 57
20 67
20 68
20 69
20 49
20 66
24 13
24 25
24 26
24 27
24 28
24 29
24 36
24 38
24 39
24 44
24 45
24 47
24 48
24 53
24 57
24 55
25 28
25 27
26 27
26 28
26 29
26 39
26 47
12 15
12 16
12 17
12 28
12 29
12 31
13 14
13 15
13 16
13 17
13 21
13 28
13 29
13 31
14 18
14 21
14 28
14 29
14 16
14 17
14 42
15 16
15 17
15 18
15 21
15 28
15 29
15 42
17 21
17 30
17 31
17 42
17 51
17 55
17 56
17 57
21 16
21 18
21 19
21 27
21 29
21 30
21 31
21 39
21 47
21 48
21 57
21 67
21 68
21 69
21 49
21 66
28 16
28 18
28 27
28 29
28 39
28 44
28 48
28 60
28 69
28 70
18 19
18 27
18 29
18 39
18 47
18 60
18 68
18 69
18 70
27 16
27 19
27 29
27 30
27 39
27 45
27 47
27 48
27 49
27 53
27 42
16 19
16 29
16 30
16 31
16 51
16 55
16 56
16 57
16 44
29 19
29 30
29 31
29 39
29 44
29 45
29 47
29 48
29 49
29 53
29 55
29 68
29 69
19 30
19 31
19 47
19 53
19 60
19 66
19 67
19 68
19 69
19 70
19 39
30 31
30 39
30 41
30 57
30 66
30 67
30 42
30 51
30 60
30 68
30 69
30 70
31 39
31 42
31 47
31 48
31 49
31 51
31 55
31 57
31 58
31 66
31 67
31 68
42 39
42 41
42 48
42 58
42 66
42 67
42 68
42 54
51 48
51 50
51 66
51 67
55 39
55 44
55 48
55 49
55 57
55 66
55 67
56 39
56 47
57 53
57 66
57 67
57 54
39 34
39 35
39 36
39 37
39 38
39 40
39 43
39 44
39 46
39 47
39 48
39 49
39 70
47 48
47 49
47 50
47 60
47 69
47 70
60 36
60 46
60 48
60 62
60 63
60 64
60 65
60 69
60 70
68 49
68 53
68 59
68 66
68 67
68 70
69 36
69 46
69 49
69 53
69 59
69 63
69 64
69 66
69 48
69 70
70 36
70 37
70 38
70 40
70 41
70 44
70 46
70 48
70 61
70 64
70 65
70 66
70 67
53 44
53 49
53 50
53 54
66 50
66 63
66 67
67 50
67 63
36 34
36 35
36 37
36 38
36 43
36 44
36 45
36 46
48 44
48 49
48 50
38 33
38 34
38 35
38 37
38 40
38 41
38 43
38 44
38 46
38 58
44 43
44 46
44 58
44 45
45 35
45 43
49 50
41 40
32 34
32 35
34 33
34 35
35 33
35 43
37 40
50 52
59 62
59 63
62 61
62 64
63 64
64 65
65 61
