节点,l,c,r,Q
origin_network,2.24466800804829,0.5032827253561564,0.08937058339141832,0.21052261212234938
0,2.1665995975855132,0.4474407635949955,0.09150509643636716,0.20546120806488605
1,2.158953722334004,0.4494670327871392,0.08504386775976396,0.0
2,2.1637826961770625,0.44061296388881077,0.08089022075337812,0.0
4,2.1762575452716297,0.4543856847458644,0.10621592958398639,0.05588915994245329
5,2.134808853118712,0.4527143935343909,0.055449132839258314,0.0
7,2.1814889336016097,0.4520931448431121,0.08440928280045609,0.17948437271950124
8,2.1835010060362174,0.4528153033547006,0.08567845271907433,0.006294176518421226
22,2.1750503018108653,0.44632852872856354,0.08256321746428412,0.006294176518421226
23,2.187122736418511,0.4814222482589027,0.0702176555286327,0.1690201413648589
3,2.1855130784708248,0.45772608296787426,0.07835188091614043,0.15016106836804902
6,2.2253521126760565,0.48290263628466207,0.10015852769967214,0.19070963908175392
9,2.1440643863179076,0.4544292990255141,0.06739086798262071,0.1439893872104418
10,2.192354124748491,0.4676933877164985,0.08273628608955026,0.16565021580033773
11,2.158953722334004,0.44789064383905874,0.07258292674060325,0.006294176518421226
20,2.112676056338028,0.43535556123180935,-0.023239402115073554,0.0
24,2.1150905432595573,0.45343980560655206,-0.010663082012400196,0.12090813369195812
25,2.1995975855130783,0.46655220552835347,0.09692791336137233,0.14445330581097143
26,2.182696177062374,0.44505179078283313,0.09687022381961695,0.13709576530931375
12,2.2096579476861167,0.4760235711338924,0.12727261232469916,0.16937459602593777
13,2.187122736418511,0.4644561621446459,0.06219880922463586,0.17664091657805298
14,2.226559356136821,0.48329511483459936,0.09848553098876675,0.20795281582952815
15,2.199195171026157,0.45616707326775774,0.10840813217069027,0.1835475699005442
17,2.1798792756539234,0.4700160906841235,0.0829093547148164,0.185090490189946
21,2.146076458752515,0.4437422797312477,0.041026747400414766,0.006294176518421226
28,2.16579476861167,0.46685358142973804,0.03468089780732194,0.17219980817747754
18,2.141247484909457,0.44338498997832687,0.06935231240230218,0.17168897646004042
27,2.134808853118712,0.4473931215419462,0.01714327711368988,0.1601900502491608
16,2.1633802816901406,0.44385942414264024,0.08060177304460142,0.0
29,2.1142857142857143,0.43107318130559735,-0.026470016453373008,0.0
19,2.1227364185110664,0.41989822548755096,0.04991093683074232,0.0
30,2.168209255533199,0.4396276812508879,0.06773700523315299,0.006294176518421226
31,2.116297786720322,0.4261337389013664,0.038257649396156806,0.0
42,2.1867203219315896,0.4609482590533914,0.07471743978555324,0.19423854798690604
51,2.220523138832998,0.48585706731304756,0.08740913897173558,0.1392224932757866
55,2.1895372233400403,0.4660827384088622,0.09906242640632142,0.19072527678738976
56,2.220523138832998,0.4920854927424063,0.11054264521564063,0.187410083192594
57,2.1967806841046276,0.476058319788098,0.09069744285179047,0.1884421717645587
39,2.1509054325955734,0.4563421042717252,0.04373815586291584,0.13484914826629968
47,2.1271629778672034,0.42184453107838615,0.0462188061583971,0.0
60,2.1686116700201206,0.4633148764490061,0.07471743978555206,0.1611283125873105
68,2.1822937625754526,0.45093969623839214,0.09213968139567626,0.17276015929609467
69,2.1291750503018108,0.44717997925755293,0.06646783531453411,0.20136934175684407
70,2.13158953722334,0.4232732576673622,0.0722367894900706,0.006294176518421226
53,2.1774647887323946,0.4449649858451584,0.08314011288183679,0.1972618377431663
66,2.1814889336016097,0.4659037237498407,0.08873599843210918,0.1828438731469319
67,2.156539235412475,0.4581053851936421,0.06635245623102434,0.006294176518421226
36,2.1686116700201206,0.4438719981291819,0.100735423117227,0.1604715289506057
48,2.1440643863179076,0.45857530876739,0.04910328324616719,0.006294176518421226
38,2.1525150905432597,0.43347049675244836,0.07575585153715025,0.1526865578282355
44,2.1750503018108653,0.45583233669354084,0.08100559983688825,0.1599659098017139
45,2.2040241448692153,0.484979715814321,0.09900473686456505,0.1805399178499197
54,2.2193158953722336,0.48580607194307973,0.10656206683451981,0.20764527428535684
49,2.1851106639839033,0.4655319717871499,0.09531260619222182,0.17840797731490166
41,2.2084507042253523,0.4770062320579043,0.09248581864620742,0.2023962177602635
58,2.2181086519114688,0.5011893391326958,0.0720060313230507,0.19810627384750112
32,2.1979879275653924,0.48114857380587983,0.07344826986693419,0.2059564020766873
34,2.183098591549296,0.4561765010169057,0.07506357703608552,0.182374741977857
35,2.1670020120724347,0.45307716079486016,0.049737868205476286,0.16811836700652613
33,2.2040241448692153,0.48464824131134676,0.07165989407251844,0.18363097099726858
43,2.202816901408451,0.479900256480294,0.06912155423528095,0.16865526156668953
37,2.202414486921529,0.478992832258868,0.07835188091614184,0.16066960655532614
46,2.216096579476861,0.487001262157369,0.09790863557121368,0.1982418006296783
40,2.195573440643863,0.47467593247430157,0.0865437958454038,0.19614634807447714
50,2.2056338028169016,0.4885799034078806,0.0871783808047141,0.18663862304789305
52,2.2305835010060364,0.5006549931509595,0.08660148538716034,0.21052261212234938
59,2.219718309859155,0.4914180747554052,0.08285166517306103,0.19802287275077668
62,2.2020120724346075,0.5000037819320075,0.0643910118113413,0.19087644127520276
63,2.183903420523139,0.48026228729756404,0.061448845181817216,0.18283344800984133
64,2.1943661971830988,0.47978538026329404,0.06692935164857643,0.19454087696253206
65,2.2169014084507044,0.4808402719938497,0.07460206070204253,0.19944329767936442
61,2.216096579476861,0.4921000576449055,0.08025563579406801,0.20522142991180334
