0 1
0 2
0 4
0 5
0 7
0 8
0 22
0 23
1 0
1 2
1 3
1 4
1 5
1 6
1 8
1 9
1 10
2 0
2 1
2 3
2 4
2 5
2 7
2 8
2 9
2 11
2 20
2 23
2 24
2 25
3 1
3 4
3 5
3 6
3 8
3 9
3 20
3 23
3 24
4 0
4 1
4 2
4 3
4 5
4 8
4 9
4 10
4 11
4 24
4 26
5 0
5 1
5 2
5 3
5 4
5 6
5 7
5 8
5 11
5 12
5 13
5 14
5 15
5 17
5 20
5 21
5 23
5 24
5 26
6 1
6 3
7 1
7 2
7 5
7 8
7 9
7 11
8 0
8 1
8 2
8 3
8 4
8 5
8 7
8 9
8 10
8 11
8 22
8 23
8 24
8 25
8 28
9 1
9 2
9 3
9 4
9 8
9 11
9 18
9 20
9 22
9 24
9 25
9 26
9 27
9 28
10 1
10 4
10 7
10 8
10 11
10 18
10 22
10 24
10 25
10 26
10 28
11 1
11 2
11 3
11 4
11 5
11 7
11 8
11 9
11 10
11 18
11 20
11 24
11 25
11 26
11 28
12 5
12 6
12 9
12 11
13 5
13 6
13 9
13 11
13 14
13 15
13 16
13 17
13 20
13 21
13 24
14 5
14 18
14 21
14 28
14 29
15 5
15 12
15 13
15 16
15 17
15 18
15 20
15 21
15 28
15 29
16 12
16 14
16 15
16 19
16 20
16 21
16 27
16 28
16 29
16 30
16 31
16 42
16 51
16 55
16 56
16 57
17 5
17 12
17 13
17 14
17 15
17 20
17 21
17 30
17 31
17 42
17 51
17 55
17 56
17 57
18 9
18 10
18 11
18 19
18 20
18 21
18 27
18 28
18 29
18 39
18 47
18 60
18 68
18 69
18 70
19 18
19 20
19 21
19 27
19 29
19 30
19 31
19 47
19 53
19 60
19 66
19 67
19 68
19 69
19 70
20 2
20 3
20 5
20 11
20 17
20 18
20 19
20 24
20 27
20 29
20 30
20 31
20 36
20 39
20 47
20 48
20 57
20 67
20 68
20 69
21 5
21 17
21 18
21 19
21 27
21 29
21 30
21 31
21 39
21 47
21 48
21 57
21 67
21 68
21 69
22 0
22 1
22 2
22 3
22 4
22 7
22 9
22 10
22 23
22 24
22 25
22 26
22 27
22 28
23 0
23 1
23 2
23 3
23 5
23 8
23 26
24 2
24 5
24 8
24 9
24 11
24 22
24 25
24 26
24 27
24 28
24 29
24 36
24 38
24 39
24 44
24 45
24 47
24 48
24 53
24 54
24 57
25 1
25 2
25 3
25 8
25 9
25 10
25 11
25 22
25 24
25 28
26 4
26 5
26 9
26 22
26 23
26 24
26 27
26 28
26 29
27 9
27 11
27 16
27 18
27 19
27 20
27 21
27 22
27 23
27 24
27 25
27 26
27 28
27 29
27 30
27 39
27 45
27 47
27 48
27 49
27 53
27 54
28 8
28 9
28 10
28 11
28 12
28 13
28 14
28 15
28 16
28 18
28 24
28 25
28 27
28 29
28 39
28 44
28 48
28 60
28 69
28 70
29 5
29 8
29 12
29 13
29 14
29 15
29 16
29 18
29 19
29 20
29 21
29 24
29 26
29 27
29 28
29 30
29 31
29 39
29 44
29 45
29 47
29 48
29 49
29 53
29 55
29 68
29 69
30 16
30 17
30 20
30 21
30 27
30 29
30 31
30 39
30 41
30 57
30 66
30 67
31 5
31 12
31 13
31 16
31 17
31 19
31 20
31 21
31 29
31 30
31 39
31 42
31 47
31 48
31 49
31 51
31 55
31 57
31 58
31 66
31 67
31 68
32 34
32 35
33 34
33 35
33 38
34 32
34 33
34 35
34 36
34 38
34 39
35 32
35 33
35 34
35 36
35 38
35 39
35 43
35 45
36 24
36 34
36 35
36 37
36 38
36 39
36 43
36 44
36 45
36 46
36 60
36 69
36 70
37 36
37 38
37 39
37 40
37 70
38 24
38 33
38 34
38 35
38 36
38 37
38 39
38 40
38 41
38 43
38 44
38 46
38 58
38 70
39 18
39 19
39 20
39 21
39 24
39 26
39 27
39 28
39 29
39 30
39 31
39 34
39 35
39 36
39 37
39 38
39 40
39 42
39 43
39 44
39 46
39 47
39 48
39 49
39 54
39 55
39 56
39 70
40 37
40 38
40 39
40 41
40 70
41 30
41 38
41 40
41 42
41 70
42 14
42 15
42 16
42 17
42 30
42 31
42 39
42 41
42 48
42 57
42 58
42 66
42 67
42 68
43 35
43 36
43 38
43 39
43 44
44 24
44 28
44 29
44 36
44 38
44 39
44 43
44 46
44 48
44 53
44 54
44 55
44 58
44 70
45 24
45 27
45 29
45 35
45 36
45 43
45 44
46 36
46 38
46 39
46 44
46 60
46 69
46 70
47 24
47 26
47 27
47 29
47 39
47 48
47 49
47 50
47 60
47 69
47 70
48 24
48 29
48 39
48 47
48 49
48 50
48 70
49 20
49 21
49 27
49 29
49 47
49 48
49 50
49 68
49 69
50 48
50 49
50 66
50 67
51 30
51 48
51 50
51 66
51 67
52 50
53 24
53 27
53 29
53 49
53 50
53 55
53 57
53 68
53 69
54 24
54 27
54 39
55 29
55 39
55 48
55 49
55 57
55 66
55 67
56 16
56 17
56 39
56 47
57 24
57 30
57 31
57 55
57 66
57 67
58 38
58 44
59 62
59 63
59 68
59 69
60 18
60 19
60 28
60 30
60 36
60 46
60 47
60 48
60 62
60 63
60 64
60 65
60 69
60 70
61 62
61 65
61 70
62 59
62 60
62 61
62 64
63 59
63 60
63 64
63 66
63 67
63 69
64 60
64 62
64 63
64 65
64 69
64 70
65 60
65 61
65 64
65 70
66 19
66 20
66 21
66 30
66 31
66 42
66 50
66 51
66 55
66 57
66 63
66 67
66 68
66 69
66 70
67 19
67 20
67 21
67 30
67 31
67 42
67 50
67 51
67 55
67 57
67 63
67 66
67 68
67 70
68 18
68 19
68 20
68 21
68 29
68 30
68 49
68 53
68 59
68 66
68 67
68 70
69 18
69 19
69 20
69 21
69 28
69 29
69 30
69 36
69 46
69 47
69 48
69 49
69 53
69 59
69 60
69 63
69 64
69 66
69 70
70 18
70 19
70 28
70 30
70 36
70 37
70 38
70 39
70 44
70 46
70 47
70 48
70 60
70 61
70 64
70 65
70 66
70 67
70 68
70 69
